           1
   0.0000000000000000        0.0000000000000000        0.0000000000000000
   0.0000000000000000        10.000000000000000        0.0000000000000000
  -0.0000000000000000        29.951281005196485        1.3951294748825080
   1.0000000000000000        0.0000000000000000        0.0000000000000000
  -0.0000000000000000       0.99939082701909576        3.4899496702501018E-002
  -0.0000000000000000       -3.4899496702500955E-002  0.99939082701909576
  -0.0000000000000000       0.99756405025982420        6.9756473744125400E-002
  -0.0000000000000000       -6.9756473744125344E-002  0.99756405025982420
           2
  -0.0000000000000000        1151.7000000000000        0.0000000000000000
  -0.0000000000000000        1600.0000000000000        0.0000000000000000
  -12.209707906971325        1799.6269596843733        7.4762898533982813E-016
   6.1232339957367660E-017   6.1232339957367660E-017   1.0000000000000000
  -3.0538513209822534E-002  0.99953359083671289        1.8699446226564163E-018
 -0.99953359083671300       -3.0538513209822472E-002   6.1203780632922035E-017
  -6.1048539534856623E-002  0.99813479842186703        3.7381449266991407E-018
 -0.99813479842186703       -6.1048539534856561E-002   6.1118129300246406E-017
           3
  -12.209707906971325        1799.6269596843733        7.4762898533982813E-016
  -12.209707906971325        1799.6269596843733        7.4762898533982813E-016
  -12.209707906971325        1799.6269596843733        7.4762898533982813E-016
  0.99813479842186703        6.1048539534856561E-002  -2.4481514917234936E-016
   2.4084858293140773E-016   1.3356490403771148E-016   1.0000000000000000
   6.1048539534856623E-002 -0.99813479842186703        1.1872653498803618E-016
  -6.1048539534856623E-002  0.99813479842186703        3.7381449266991407E-018
   2.4084858293140773E-016   1.3356490403771148E-016   1.0000000000000000
           4
  -12.209707906971325        1799.6269596843733        7.4762898533982813E-016
  -18.314561860456987        1899.4404395265601        1.1214434780097423E-015
  -18.314561860456987        1899.4404395265601        1.1214434780097423E-015
  0.99813479842186703        6.1048539534856561E-002  -2.4481514917234936E-016
   2.3711043800470861E-016   1.9468303333795787E-016   1.0000000000000000
   6.1048539534856623E-002 -0.99813479842186703        1.1872653498803618E-016
  -6.1048539534856623E-002  0.99813479842186703        3.7381449266991407E-018
   2.3711043800470861E-016   1.9468303333795787E-016   1.0000000000000000
           5
   1482.6139542523370        178591.72196373329       -17735.327254752872     
   1484.3110747665871        178791.44441031714       -17745.722643755817     
   1486.1906352858239        178989.24177092296       -17775.263655749768     
 -0.99991498349605867        7.9590803436289711E-003  -1.0328543951555308E-002
   8.8291557886581752E-003  0.99615801427122952       -8.7127817665927046E-002
   9.5954045321262043E-003  -8.7211602687092202E-002 -0.99614359635978811     
   9.3978025961832801E-003  0.98898680302907105      -0.14770505996974925     
   9.0391972231340899E-003 -0.14778956821909880      -0.98897752069456679     
