           1
   0.0000000000000000        0.0000000000000000        0.0000000000000000
   0.0000000000000000        22.000000000000000        0.0000000000000000
  -0.0000000000000000        22.000000000000000        0.0000000000000000
   6.1232339957367660E-017   0.0000000000000000        1.0000000000000000
  -2.6176948307873076E-002  0.99965732497555726        1.6028757978341243E-018
 -0.99965732497555726       -2.6176948307873014E-002   6.1211357163776083E-017
  -5.2335956242943682E-002  0.99862953475457383        3.2046530646618458E-018
 -0.99862953475457383       -5.2335956242943620E-002   6.1148423163559970E-017
           2
  -0.0000000000000000        1151.7000000000000        0.0000000000000000
  -0.0000000000000000        1600.0000000000000        0.0000000000000000
  -12.209707906971325        1799.6269596843733        7.4762898533982813E-016
   6.1232339957367660E-017   6.1232339957367660E-017   1.0000000000000000
  -3.0538513209822534E-002  0.99953359083671289        1.8699446226564163E-018
 -0.99953359083671300       -3.0538513209822472E-002   6.1203780632922035E-017
  -6.1048539534856623E-002  0.99813479842186703        3.7381449266991407E-018
 -0.99813479842186703       -6.1048539534856561E-002   6.1118129300246406E-017
           3
  -12.209707906971325        1799.6269596843733        7.4762898533982813E-016
  -12.209707906971325        1799.6269596843733        7.4762898533982813E-016
  -12.209707906971325        1799.6269596843733        7.4762898533982813E-016
  0.99813479842186703        6.1048539534856561E-002  -2.4481514917234936E-016
   2.4084858293140773E-016   1.3356490403771148E-016   1.0000000000000000
   6.1048539534856623E-002 -0.99813479842186703        1.1872653498803618E-016
  -6.1048539534856623E-002  0.99813479842186703        3.7381449266991407E-018
   2.4084858293140773E-016   1.3356490403771148E-016   1.0000000000000000
           4
  -12.209707906971325        1799.6269596843733        7.4762898533982813E-016
  -18.314561860456987        1899.4404395265601        1.1214434780097423E-015
  -18.314561860456987        1899.4404395265601        1.1214434780097423E-015
  0.99813479842186703        6.1048539534856561E-002  -2.4481514917234936E-016
   2.3711043800470861E-016   1.9468303333795787E-016   1.0000000000000000
   6.1048539534856623E-002 -0.99813479842186703        1.1872653498803618E-016
  -6.1048539534856623E-002  0.99813479842186703        3.7381449266991407E-018
   2.3711043800470861E-016   1.9468303333795787E-016   1.0000000000000000
           5
  -18.314561860456987        1899.4404395265601        1.1214434780097423E-015
  -30.524269767428311        2099.0673992109337        1.8690724633495702E-015
  -42.677462886324740        2297.7703502780200       -19.220747494462668
 -0.99813479842186703       -6.1048539534856561E-002   3.6727982908708466E-016
  -6.1010636783961202E-002  0.99751509392257998       -3.5232649571696938E-002
   2.1509018002951272E-003  -3.5166933578114151E-002 -0.99937913746693652
  -6.0765965594482149E-002  0.99351475533543177       -9.6103737472313364E-002
   5.8669928165256437E-003  -9.5924484629515680E-002 -0.99537132349885016
           6
  -42.677462886324740        2297.7703502780200       -19.220747494462668
  -42.677462886324740        2297.7703502780200       -19.220747494462668
  -42.677462886324740        2297.7703502780200       -19.220747494462668
 -0.99813479842186703       -6.1048539534856561E-002   3.6727982908708466E-016
   5.8669928165256402E-003  -9.5924484629515624E-002 -0.99537132349885016
   6.0765965594482149E-002 -0.99351475533543177        9.6103737472313239E-002
  -6.0765965594482149E-002  0.99351475533543177       -9.6103737472313364E-002
   5.8669928165256402E-003  -9.5924484629515624E-002 -0.99537132349885016
           7
  -42.677462886324740        2297.7703502780200       -19.220747494462668
  -93.113214329744920        3122.3875972064284       -98.986849596482756
  -94.471666078347070        3144.5980869673285       -102.31832876160880
 -0.99813479842186703       -6.1048539534856561E-002   3.6727982908708466E-016
  -6.0591562648055923E-002  0.99066329236675676      -0.12212658880409460
   7.4556498848635817E-003 -0.12189879809792525      -0.99251453203823448
  -6.0375633271206798E-002  0.98713287826222929      -0.14806574067226877
   9.0391972231884631E-003 -0.14778956821909944      -0.98897752069456679
           8
  -10449.085957902305       -7003.6811692673009        94573.437139587710     
  -10451.721146229902       -7010.2308713724915        94594.800828052277     
  -10465.979927245662       -7037.0694642202243        94710.888627143737     
 -0.99270842432413475        6.8654593644201399E-003 -0.12034471215478995     
 -0.11804323692944692      -0.25753328819063581       0.95903201181655517     
  -2.4408574131271663E-002  0.96624503669692130       0.25646588577712909     
 -0.11882317513133807      -0.22365494039777437       0.96739832576211715     
  -2.0274055529436705E-002  0.97464420846962596       0.22283991915500517     
