           1
   0.0000000000000000        0.0000000000000000        0.0000000000000000
   0.0000000000000000        22.000000000000000        0.0000000000000000
  -0.0000000000000000        22.000000000000000        0.0000000000000000
   6.1232339957367660E-017   0.0000000000000000        1.0000000000000000
  -2.6176948307873076E-002  0.99965732497555726        1.6028757978341243E-018
 -0.99965732497555726       -2.6176948307873014E-002   6.1211357163776083E-017
  -5.2335956242943682E-002  0.99862953475457383        3.2046530646618458E-018
 -0.99862953475457383       -5.2335956242943620E-002   6.1148423163559970E-017
           2
  -6.1246576500774870        215.07630174800533       -6.2621578532355411
  -6.1266798954835364        236.92664175768806       -7.4010333388709171
  -6.1266798954835364        236.92664175768806       -7.4010333388709171
  0.99994029991164990        6.6102784984850625E-004   1.0906862737771873E-002
  -3.7738551756815196E-004  0.99966219791906219       -2.5987451429476394E-002
  -1.0920356805984032E-002   2.5981783884290736E-002  0.99960276745986432
  -6.6208987400823865E-004  0.99999977642285287        9.3761620652256557E-005
  -1.0906798320204133E-002  -1.0097734645107127E-004  0.99994051400769701
           3
  -6.1266798954835364        236.92664175768806       -7.4010333388709171
  -6.1273419853575444        237.92664153411090       -7.4009395772502646
  -6.1273419853575444        237.92664153411090       -7.4009395772502646
  -1.0906798320204072E-002  -1.0097734645107123E-004  0.99994051400769701
  -2.6837248534090839E-002  0.99963979778316880       -1.9177889120111199E-004
 -0.99958031385252932       -2.6837743787419491E-002  -1.0905579621413629E-002
  -5.2994014284578651E-002  0.99859471595920635       -4.7718796738202069E-004
 -0.99853526537644499       -5.2996066475973859E-002  -1.0896822365528787E-002
           4
  -6.4484513719780105        248.14545149944672       -7.8867276121332122     
  -6.4484708994954678        249.14408988955614       -7.9388943200834232     
  -6.4514978205115776        253.26408872182020       -7.9382161668006965     
  0.99990662464549207        7.3237508328242366E-004   1.3645717892269527E-002
  -3.7723781221355758E-004  0.99966161240664408       -2.6009966785438862E-002
  -1.3660149402223026E-002   2.6002390414805798E-002  0.99956854492877290     
  -7.3468956701685194E-004  0.99999971656894759        1.6460031134148822E-004
  -1.3645593475482637E-002  -1.7461030829894053E-004  0.99990687930923905     
